1    256
2    256
3    256
4    256
5    256
6    256
7    256
8    256
9    256
10   256
11   256
12   256
13   256
14   256
15   256
16   256
17   256
18   256
19   256
20   256
21   256
22   256
23   256
24   256
25   256
26   256
27   256
28   256
29   256
30   256
31   256
32   256
33   256
34   256
35   256
36   256
37   256
38   256
39   256
40   256
41   256
42   256
43   256
44   256
45   256
46   256
47   256
48   256
49   256
50   256
51   256
52   256
53   256
54   256
55   256
56   256
57   256
58   256
59   256
60   256
61   256
62   256
63   256
64   256
65   256
66   256
67   256
68   256
69   256
70   256
71   256
72   256
73   256
74   256
75   256
76   256
77   256
78   256
79   256
80   256
81   256
82   256
83   256
84   256
85   256
86   256
87   256
88   256
89   256
90   256
91   256
92   256
93   256
94   256
95   256
96   256
97   256
98   256
99   256
100  256
101  256
102  256
103  256
104  256
105  256
106  256
107  256
108  256
109  256
110  256
111  256
112  256
113  256
114  256
115  256
116  256
117  256
118  256
119  256
120  256
121  256
122  256
123  256
124  256
125  256
126  256
127  256
128  256
129  256
130  256
131  256
132  256
133  256
134  256
135  256
136  256
137  256
138  256
139  1
140  100
141  1
142  99
143  1
144  75
145  1
146  168
147  1
148  86
149  1
150  169
151  1
152  51
153  1
154  170
155  1
156  72
157  1
158  172
159  1
160  36
161  1
162  209
163  1
164  33
165  1
166  187
167  57
168  1
169  151
170  1
171  93
172  1
173  115
174  1
175  118
176  1
177  92
178  1
179  140
180  1
181  114
182  14
183  1
184  116
185  2
186  11
187  75
188  20
189  10
190  250
191  4
192  244
193  244
194  244
195  40
196  2
197  20
198  1
199  233
200  32
201  3
202  233
203  188
204  188
205  188
206  232
207  188
208  111
209  5
210  59
211  88
212  49
213  101
214  100
215  100
216  82
217  66
218  57
219  57
220  37
221  33
222  32
223  27
224  24
225  22
226  21
227  20
228  20
229  14
230  13
231  10
232  10
233  11
234  10
235  10
236  10
237  4
238  1