1    256
2    256
3    256
4    256
5    256
6    256
7    256
8    256
9    256
10   256
11   256
12   256
13   256
14   256
15   256
16   256
17   256
18   256
19   256
20   256
21   256
22   256
23   256
24   256
25   256
26   256
27   256
28   256
29   256
30   256
31   256
32   256
33   256
34   256
35   256
36   256
37   256
38   256
39   256
40   256
41   256
42   256
43   256
44   256
45   256
46   256
47   256
48   256
49   256
50   256
51   256
52   256
53   256
54   256
55   256
56   256
57   256
58   256
59   256
60   256
61   256
62   256
63   256
64   256
65   256
66   256
67   256
68   256
69   256
70   256
71   256
72   256
73   256
74   256
75   256
76   256
77   256
78   256
79   256
80   256
81   256
82   256
83   256
84   256
85   256
86   256
87   256
88   256
89   256
90   256
91   256
92   256
93   256
94   256
95   256
96   256
97   256
98   256
99   256
100  256
101  256
102  256
103  256
104  256
105  256
106  256
107  256
108  256
109  256
110  256
111  256
112  256
113  256
114  256
115  256
116  256
117  256
118  256
119  256
120  256
121  256
122  256
123  256
124  256
125  256
126  256
127  256
128  256
129  256
130  256
131  256
132  256
133  256
134  256
135  256
136  256
137  256
138  256
139  22
140  67
141  17
142  84
143  73
144  67
145  66
146  31
147  78
148  1
149  23
150  36
151  85
152  56
153  82
154  76
155  80
156  27
157  72
158  4
159  65
160  84
161  17
162  27
163  25
164  32
165  84
166  37
167  57
168  2
169  76
170  36
171  81
172  27
173  57
174  55
175  50
176  63
177  75
178  3
179  23
180  30
181  35
182  21
183  28
184  76
185  84
186  22
187  40
188  2
189  46
190  76
191  67
192  31
193  82
194  72
195  43
196  77
197  16
198  2
199  76
200  43
201  71
202  16
203  33
204  51
205  43
206  79
207  43
208  5
209  32
210  62
211  16
212  48
213  64
214  18
215  55
216  15
217  68
218  3
219  31
220  19
221  68
222  20
223  15
224  55
225  68
226  20
227  66
228  3
229  21
230  75
231  30
232  25
233  67
234  41
235  81
236  36
237  43
238  1
239  22
240  59
241  33
242  77
243  34
244  19
245  51
246  10
247  44
248  3
249  46
250  18
251  30
252  15
253  15
254  34
255  39
256  15
257  45
258  3
259  15
260  1
261  36
262  42
263  6
264  22
265  23
266  21
267  26
268  4
269  29
270  10
271  25
272  25
273  14
274  25
275  30
276  11
277  22
278  1
279  18
280  20
281  24
282  39
283  36
284  35
285  34
286  33
287  33
288  32
289  32
290  32
291  32
292  31
293  29
294  27
295  25
296  25
297  25
298  24
299  24
300  24
301  24
302  23
303  22
304  22
305  22
306  21
307  20
308  20
309  20
310  20
311  18
312  18
313  17
314  16
315  14
316  14
317  11
318  10
319  10
320  10
321  10
322  10
323  10