1    256
2    256
3    256
4    256
5    256
6    256
7    256
8    256
9    256
10   256
11   256
12   256
13   256
14   256
15   256
16   256
17   256
18   256
19   256
20   256
21   256
22   256
23   256
24   256
25   256
26   256
27   256
28   256
29   256
30   256
31   256
32   256
33   256
34   256
35   256
36   256
37   256
38   256
39   256
40   256
41   256
42   256
43   256
44   256
45   256
46   256
47   256
48   256
49   256
50   256
51   256
52   256
53   256
54   256
55   256
56   256
57   256
58   256
59   256
60   256
61   256
62   256
63   256
64   256
65   256
66   256
67   256
68   256
69   256
70   256
71   256
72   256
73   256
74   256
75   256
76   256
77   256
78   256
79   256
80   256
81   256
82   256
83   256
84   256
85   256
86   256
87   256
88   256
89   256
90   256
91   256
92   256
93   256
94   256
95   256
96   256
97   256
98   256
99   256
100  256
101  256
102  256
103  256
104  256
105  256
106  256
107  256
108  256
109  256
110  256
111  256
112  256
113  256
114  256
115  256
116  256
117  256
118  256
119  256
120  256
121  256
122  256
123  256
124  256
125  256
126  256
127  256
128  256
129  256
130  256
131  256
132  256
133  256
134  256
135  256
136  256
137  256
138  256
139  3
140  1
141  5
142  2
143  2
144  3
145  3
146  1
147  5
148  1
149  2
150  3
151  2
152  3
153  1
154  4
155  5
156  5
157  2
158  1
159  4
160  1
161  3
162  3
163  4
164  5
165  4
166  1
167  3
168  2
169  4
170  1
171  1
172  5
173  3
174  4
175  3
176  1
177  4
178  4
179  5
180  5
181  1
182  3
183  4
184  2
185  5
186  2
187  2
188  3
189  1
190  3
191  2
192  3
193  3
194  1
195  5
196  3
197  2
198  2
199  3
200  3
201  3
202  1
203  3
204  3
205  5
206  2
207  3
208  2
209  4
210  1
211  4
212  4
213  1
214  3
215  4
216  1
217  5
218  2
219  3
220  5
221  1
222  1
223  4
224  2
225  1
226  3
227  1
228  4
229  5
230  4
231  3
232  2
233  5
234  3
235  3
236  3
237  4
238  3
239  5
240  2
241  1
242  1
243  2
244  4
245  4
246  2
247  5
248  4
249  2
250  2
251  3
252  3
253  2
254  2
255  4
256  4
257  1
258  5
259  1
260  3
261  1
262  3
263  4
264  3
265  4
266  5
267  4
268  4
269  2
270  4
271  5
272  2
273  3
274  4
275  3
276  3
277  4
278  5
279  3
280  3
281  4
282  3
283  4
284  4
285  3
286  1
287  5
288  2
289  4
290  5
291  4
292  2
293  2
294  5
295  1
296  3
297  5
298  4
299  4
300  4
301  5
302  5
303  4
304  3
305  4
306  2
307  1
308  1
309  5
310  2
311  5
312  3
313  1
314  5
315  1
316  2
317  2
318  1
319  1
320  1
321  5
322  3
323  4
324  4
325  4
326  3
327  3
328  4
329  2
330  4
331  2
332  4
333  2
334  5
335  2
336  2
337  2
338  2
339  3
340  5
341  5
342  5
343  3
344  5
345  2
346  5
347  2
348  5
349  5
350  2
351  3
352  3
353  4
354  5
355  3
356  2
357  4
358  4
359  3
360  3
361  1
362  4
363  5
364  2
365  2
366  4
367  5
368  5
369  2
370  3
371  1
372  3
373  5
374  4
375  5
376  5
377  1
378  2
379  5
380  1
381  3
382  4
383  4
384  3
385  4
386  1
387  5
388  3
389  4
390  4
391  4
392  4
393  4
394  3
395  5
396  4
397  4
398  4
399  5
400  3
401  2
402  4
403  4
404  3
405  4
406  3
407  1
408  3
409  1
410  2
411  2
412  1
413  2
414  5
415  5
416  4
417  5
418  4
419  2
420  1
421  1
422  3
423  4
424  1
425  3
426  3
427  2
428  3
429  5
430  1
431  3
432  3
433  4
434  1
435  4
436  3
437  4
438  5
439  3
440  5
441  5
442  3
443  3
444  4
445  3
446  2
447  5
448  3
449  4
450  3
451  1
452  2
453  4
454  4
455  1
456  5
457  4
458  5
459  3
460  3
461  2
462  3
463  1
464  1
465  2
466  1
467  3
468  3
469  1
470  1
471  1
472  2
473  2
474  3
475  3
476  5
477  2
478  5
479  1
480  1
481  1
482  1
483  1
484  2
485  3
486  4
487  1
488  2
489  4
490  2
491  5
492  1
493  1
494  5
495  5
496  5
497  2
498  116
499  3
500  1
501  5
502  1
503  5
504  2
505  4
506  3
507  3
508  84
509  1
510  1
511  2
512  4
513  4
514  5
515  1
516  4
517  1
518  136
519  5
520  1
521  2
522  5
523  3
524  3
525  4
526  4
527  3
528  89
529  5
530  2
531  1
532  4
533  3
534  3
535  1
536  3
537  4
538  75
539  2
540  5
541  3
542  5
543  2
544  2
545  4
546  5
547  5
548  72
549  1
550  1
551  2
552  1
553  4
554  1
555  4
556  4
557  1
558  73
559  4
560  1
561  3
562  2
563  2
564  1
565  3
566  2
567  2
568  145
569  4
570  4
571  3
572  2
573  4
574  3
575  3
576  5
577  5
578  89
579  2
580  1
581  5
582  4
583  2
584  4
585  1
586  3
587  2
588  102
589  5
590  2
591  2
592  5
593  2
594  2
595  4
596  3
597  3
598  93
599  4
600  1
601  5
602  4
603  5
604  2
605  5
606  3
607  4
608  78
609  5
610  4
611  1
612  1
613  1
614  3
615  4
616  4
617  4
618  79
619  2
620  4
621  2
622  4
623  4
624  2
625  3
626  4
627  4
628  125
629  3
630  3
631  5
632  2
633  3
634  3
635  3
636  5
637  2
638  142
639  4
640  5
641  3
642  4
643  4
644  3
645  5
646  2
647  4
648  78
649  1
650  4
651  1
652  3
653  2
654  3
655  2
656  3
657  4
658  114
659  4
660  3
661  3
662  3
663  2
664  4
665  3
666  3
667  5
668  74
669  5
670  5
671  2
672  4
673  4
674  1
675  5
676  5
677  5
678  100
679  1
680  3
681  1
682  1
683  1
684  3
685  5
686  1
687  1
688  116
689  1
690  3
691  4
692  3
693  3
694  1
695  2
696  4
697  3
698  80
699  1
700  1
701  1
702  1
703  1
704  2
705  5
706  3
707  1
708  109
709  3
710  5
711  1
712  5
713  5
714  4
715  3
716  2
717  4
718  82
719  3
720  4
721  5
722  4
723  3
724  1
725  3
726  3
727  5
728  79
729  5
730  5
731  4
732  1
733  4
734  1
735  5
736  5
737  4
738  103
739  5
740  5
741  4
742  1
743  5
744  1
745  4
746  4
747  3
748  87
749  3
750  3
751  3
752  2
753  1
754  2
755  1
756  1
757  1
758  70
759  4
760  5
761  3
762  3
763  4
764  4
765  4
766  1
767  3
768  75
769  5
770  3
771  4
772  5
773  3
774  3
775  2
776  1
777  2
778  109
779  2
780  2
781  1
782  1
783  2
784  3
785  1
786  3
787  4
788  60
789  3
790  5
791  3
792  3
793  4
794  5
795  1
796  4
797  4
798  145
799  3
800  1
801  4
802  5
803  4
804  5
805  4
806  5
807  2
808  90
809  4
810  1
811  5
812  1
813  2
814  5
815  3
816  5
817  1
818  122
819  2
820  2
821  5
822  4
823  4
824  4
825  2
826  4
827  4
828  147
829  1
830  3
831  3
832  5
833  3
834  3
835  5
836  4
837  5
838  99
839  1
840  4
841  5
842  5
843  5
844  5
845  3
846  3
847  3
848  130
849  2
850  2
851  2
852  1
853  4
854  1
855  4
856  5
857  4
858  53
859  5
860  5
861  3
862  2
863  4
864  3
865  2
866  1
867  1
868  120
869  2
870  1
871  4
872  3
873  5
874  1
875  2
876  3
877  2
878  115
879  1
880  3
881  3
882  3
883  4
884  1
885  4
886  4
887  1
888  63
889  4
890  5
891  4
892  3
893  3
894  1
895  5
896  5
897  2
898  79
899  3
900  1
901  2
902  4
903  1
904  4
905  4
906  3
907  3
908  50
909  3
910  5
911  5
912  5
913  4
914  3
915  5
916  5
917  1
918  72
919  1
920  5
921  3
922  3
923  2
924  2
925  2
926  4
927  1
928  51
929  52
930  11